952	7	11	29	
2695	0	0	0	
2782	0	0	0	
2783	29	0	0	
2784	29	0	0	
2821	0	0	0	
2824	0	0	0	
3085	0	0	0	
3094	0	0	0	
3097	7	29	0	
3098	7	29	0	
3101	7	0	0	
3123	0	0	0	
3130	0	0	0	
3132	0	0	0	
3140	0	0	0	
3142	0	0	0	
3150	0	0	0	
3153	0	0	0	
3169	0	0	0	
3208	0	0	0	
3223	0	0	0	
3248	0	0	0	
3260	0	0	0	
3285	0	0	0	
3293	0	0	0	
3299	0	0	0	
3368	7	29	0	
5388	0	0	0	
5404	0	0	0	
5405	0	0	0	
5409	7	29	0	
5410	7	29	0	
5411	7	29	0	
5586	7	0	0	
5592	0	0	0	
5594	0	0	0	
5606	0	0	0	
5607	7	29	0	
5612	0	0	0	
5613	0	0	0	
5615	0	0	0	
5616	0	0	0	
5620	0	0	0	
5622	0	0	0	
5624	0	0	0	
5625	0	0	0	
5630	0	0	0	
5631	0	0	0	
5634	0	0	0	
5636	0	0	0	
5637	0	0	0	
5638	0	0	0	
5639	0	0	0	
5640	0	0	0	
5641	0	0	0	
5642	0	0	0	
5644	0	0	0	
5645	0	0	0	
5647	0	0	0	
5649	0	0	0	
5652	0	0	0	
5668	29	0	0	
5730	0	0	0	
5746	0	0	0	
5764	0	0	0	
5854	0	0	0	
5869	0	0	0	
5886	0	0	0	
5897	0	0	0	
5913	0	0	0	
5918	0	0	0	
5927	0	0	0	
5965	0	0	0	
5968	0	0	0	
5979	0	0	0	
5999	0	0	0	
6014	0	0	0	
6026	0	0	0	
6042	0	0	0	
6049	0	0	0	
6058	0	0	0	
6171	0	0	0	
6175	0	0	0	
6219	0	0	0	
6236	0	0	0	
6238	0	0	0	
6244	0	0	0	
11200	29	0	0	
11208	0	0	0	
11235	29	0	0	
11236	29	0	0	
11237	29	0	0	
11246	0	0	0	
11264	0	0	0	
11273	0	0	0	
11280	0	0	0	
11292	0	0	0	
11303	3	7	0	
11305	0	0	0	
11310	0	0	0	
11314	0	0	0	
11316	0	0	0	
11319	0	0	0	
11322	0	0	0	
11323	0	0	0	
11328	0	0	0	
11329	0	0	0	
11330	0	0	0	
11341	0	0	0	
11354	0	0	0	
11364	0	0	0	
11365	0	0	0	
11372	0	0	0	
11373	0	0	0	
11380	7	29	0	
11542	0	0	0	
12540	29	0	0	
12541	29	0	0	
12563	0	0	0	
12564	0	0	0	
12566	0	0	0	
12570	0	0	0	
12580	0	0	0	
12581	0	0	0	
12582	0	0	0	
12583	0	0	0	
12584	0	0	0	
12589	0	0	0	
12591	0	0	0	
12592	0	0	0	
12595	0	0	0	
12598	7	0	0	
12600	0	0	0	
12609	0	0	0	
12610	0	0	0	
12619	0	0	0	
12621	0	0	0	
12622	0	0	0	
12623	0	0	0	
12624	0	0	0	
12625	0	0	0	
12628	0	0	0	
12635	0	0	0	
12638	0	0	0	
12639	0	0	0	
12640	0	0	0	
12644	0	0	0	
12645	0	0	0	
12651	0	0	0	
12652	0	0	0	
12653	0	0	0	
12655	0	0	0	
12658	0	0	0	
12659	0	0	0	
12661	0	0	0	
12662	0	0	0	
12666	0	0	0	
12669	0	0	0	
12671	0	0	0	
12673	0	0	0	
12678	0	0	0	
12679	0	0	0	
12682	7	29	0	
12683	29	0	0	
12684	29	0	0	
12685	29	0	0	
12686	7	29	0	
12687	7	29	0	
12688	29	0	0	
12689	29	0	0	
12690	7	29	0	
12691	29	0	0	
12693	29	0	0	
12694	7	29	0	
12695	7	29	0	
12696	7	29	0	
12697	7	29	0	
12698	29	0	0	
12699	7	29	0	
12700	7	29	0	
12701	7	29	0	
12702	7	29	0	
12703	29	0	0	
12704	7	29	0	
12705	7	29	0	
12706	29	0	0	
12707	29	0	0	
12708	7	29	0	
12709	29	0	0	
12710	29	0	0	
12711	29	0	0	
12712	7	29	0	
12713	29	0	0	
12717	0	0	0	
12776	0	0	0	
12945	0	0	0	
12949	0	0	0	
12953	0	0	0	
12955	0	0	0	
12957	0	0	0	
12961	0	0	0	
12964	0	0	0	
12971	0	0	0	
13138	0	0	0	
13153	0	0	0	
13186	29	0	0	
13198	0	0	0	
13201	0	0	0	
13207	0	0	0	
13220	0	0	0	
13228	0	0	0	
13229	0	0	0	
13245	0	0	0	
13258	0	0	0	
13278	0	0	0	
13299	0	0	0	
13339	0	0	0	
13362	29	0	0	
13429	29	0	0	
13430	29	0	0	
13432	0	0	0	
13433	0	0	0	
13437	0	0	0	
13439	7	29	0	
13440	7	29	0	
13441	7	29	0	
13442	7	29	0	
13443	7	29	0	
13444	7	29	0	
13445	7	29	0	
13475	0	0	0	
13483	0	0	0	
13506	0	0	0	
14017	0	0	0	
14022	0	0	0	
14029	0	0	0	
14030	0	0	0	
14032	0	0	0	
14038	0	0	0	
14039	29	0	0	
14066	0	0	0	
14069	0	0	0	
14633	0	0	0	
14653	0	0	0	
14654	0	0	0	
14655	0	0	0	
14657	29	0	0	
14858	0	0	0	
14860	0	0	0	
14862	0	0	0	
14863	0	0	0	
14895	0	0	0	
14898	0	0	0	
14931	0	0	0	
14945	0	0	0	
14952	0	0	0	
14954	0	0	0	
15108	0	0	0	
15109	0	0	0	
15126	0	0	0	
15144	0	0	0	
15146	0	0	0	
15153	0	0	0	
15155	0	0	0	
15182	0	0	0	
15186	0	0	0	
15194	0	0	0	
15205	0	0	0	
15212	0	0	0	
15234	0	0	0	
15243	0	0	0	
15261	0	0	0	
15268	0	0	0	
15290	0	0	0	
15320	0	0	0	
15326	0	0	0	
15346	0	0	0	
15359	0	0	0	
15373	0	0	0	
15381	0	0	0	
15382	0	0	0	
15383	0	0	0	
15389	0	0	0	
15412	0	0	0	
15423	0	0	0	
15443	0	0	0	
15511	0	0	0	
15553	0	0	0	
15577	29	0	0	
15602	29	0	0	
15605	29	0	0	
15616	29	0	0	
15672	0	0	0	
15730	0	0	0	
15782	29	0	0	
15783	29	0	0	
15822	0	0	0	
15912	0	0	0	
15915	0	0	0	
15916	0	0	0	
15932	0	0	0	
15937	29	0	0	
16221	0	0	0	
16222	0	0	0	
16224	0	0	0	
16227	29	0	0	
16228	7	29	0	
16229	7	29	0	
16230	7	29	0	
16231	7	29	0	
16232	7	29	0	
16233	7	29	0	
16266	0	0	0	
16856	0	0	0	
16895	0	0	0	
17086	0	0	0	
17243	0	0	0	
17253	0	0	0	
17264	0	0	0	
17276	0	0	0	
17280	0	0	0	
17332	0	0	0	
17333	0	0	0	
17336	0	0	0	
17340	0	0	0	
17343	0	0	0	
17345	0	0	0	
17347	0	0	0	
17348	0	0	0	
17349	0	0	0	
17350	0	0	0	
17351	0	0	0	
17353	0	0	0	
17361	29	0	0	
17390	0	0	0	
17464	0	0	0	
17465	0	0	0	
17468	0	0	0	
17471	0	0	0	
17488	0	0	0	
17489	0	0	0	
17538	0	0	0	
17539	0	0	0	
17545	0	0	0	
17546	0	0	0	
17548	0	0	0	
17550	0	0	0	
17551	0	0	0	
17553	0	0	0	
17560	0	0	0	
17564	0	0	0	
17565	0	0	0	
17568	0	0	0	
17577	29	0	0	
17578	29	0	0	
17579	29	0	0	
17580	29	0	0	
17581	29	0	0	
17582	29	0	0	
17583	29	0	0	
17584	29	0	0	
17585	29	0	0	
17626	0	0	0	
17627	0	0	0	
17628	0	0	0	
17630	0	0	0	
17633	29	0	0	
17637	0	0	0	
17665	0	0	0	
17669	7	29	0	
17699	29	0	0	
17700	29	0	0	
18293	0	0	0	
18317	0	0	0	
18324	0	0	0	
18325	0	0	0	
18332	0	0	0	
18335	0	0	0	
18352	0	0	0	
18371	0	0	0	
18373	0	0	0	
18377	0	0	0	
18414	0	0	0	
18449	29	0	0	
18700	0	0	0	
18763	0	0	0	
19203	0	0	0	
19316	29	0	0	
19367	0	0	0	
19372	29	0	0	
19373	29	0	0	
19374	7	29	0	
19383	0	0	0	
19429	29	0	0	
19485	0	0	0	
19486	0	0	0	
19487	0	0	0	
19494	0	0	0	
19498	0	0	0	
19499	0	0	0	
19503	0	0	0	
19508	0	0	0	
19509	0	0	0	
19510	0	0	0	
19512	0	0	0	
19513	0	0	0	
19517	0	0	0	
19518	0	0	0	
19520	0	0	0	
19522	0	0	0	
19530	0	0	0	
19534	0	0	0	
19535	0	0	0	
19536	0	0	0	
19537	0	0	0	
19540	0	0	0	
19541	0	0	0	
19552	0	0	0	
19557	29	0	0	
19594	0	0	0	
19608	0	0	0	
19613	0	0	0	
19629	0	0	0	
19636	0	0	0	
19638	0	0	0	
19642	0	0	0	
19814	0	0	0	
19815	0	0	0	
19824	0	0	0	
19839	0	0	0	
19857	29	0	0	
19961	29	0	0	
19962	29	0	0	
22277	0	0	0	
22358	0	0	0	
22367	29	0	0	
22398	0	0	0	
22415	29	0	0	
22419	0	0	0	
22533	0	0	0	
22536	0	0	0	
22537	0	0	0	
22539	0	0	0	
22540	0	0	0	
22543	0	0	0	
22545	0	0	0	
22959	0	0	0	
22973	0	0	0	
22986	0	0	0	
22987	0	0	0	
22991	0	0	0	
22992	0	0	0	
22993	0	0	0	
22995	0	0	0	
23065	7	29	0	
23066	29	0	0	
23067	7	29	0	
23068	7	29	0	
23069	7	29	0	
23089	0	0	0	
23827	0	0	0	
23849	0	0	0	
23913	29	0	0	
23914	29	0	0	
23916	29	0	0	
23917	29	0	0	
23922	0	0	0	
23940	0	0	0	
23946	0	0	0	
23947	0	0	0	
23951	0	0	0	
23953	7	29	0	
23986	0	0	0	
24033	0	0	0	
24108	0	0	0	
24109	0	0	0	
24124	0	0	0	
24187	0	0	0	
24189	0	0	0	
24220	0	0	0	
24266	0	0	0	
24288	0	0	0	
24375	29	0	0	
24376	29	0	0	
26115	0	0	0	
43913	0	0	0	
43914	0	0	0	
44020	0	0	0	
44027	0	0	0	
44060	0	0	0	
44079	0	0	0	
44089	7	29	0	
44090	7	29	0	
44092	7	29	0	
44093	7	29	0	
44094	7	29	0	
44095	7	29	0	
44097	29	0	0	
44099	0	0	0	
44104	0	0	0	
44110	0	0	0	
44116	0	0	0	
44130	0	0	0	
44132	0	0	0	
44147	0	0	0	
44153	0	0	0	
44170	0	0	0	
44182	0	0	0	
44190	0	0	0	
44195	0	0	0	
44196	0	0	0	
44200	0	0	0	
44202	0	0	0	
44204	0	0	0	
44207	0	0	0	
44208	0	0	0	
44215	0	0	0	
44219	0	0	0	
44222	0	0	0	
44223	0	0	0	
44224	29	0	0	
44225	0	0	0	
44250	0	0	0	
44334	29	0	0	
44337	0	0	0	
44339	0	0	0	
44345	0	0	0	
44350	0	0	0	
44352	0	0	0	
44353	29	0	0	
44354	29	0	0	
44355	29	0	0	
44434	0	0	0	
87654	11	0	0	
87655	11	0	0	
87656	0	0	0	
87657	0	0	0	
87658	0	0	0	
87659	0	0	0	
87660	0	0	0	
87661	0	0	0	
87662	0	0	0	
87663	0	0	0	
87664	0	0	0	
87665	0	0	0	
87666	0	0	0	
87667	0	0	0	
87668	0	0	0	
87669	0	0	0	
87670	0	0	0	
87671	0	0	0	
87672	0	0	0	
87673	0	0	0	
87674	0	0	0	
87675	0	0	0	
87676	0	0	0	
87677	0	0	0	
87678	0	0	0	
87679	0	0	0	
87680	0	0	0	
87681	7	29	0	
87682	0	0	0	
87683	0	0	0	
87684	0	0	0	
87685	0	0	0	
87686	0	0	0	
87687	0	0	0	
87688	0	0	0	
87689	7	0	0	
87690	0	0	0	
87691	0	0	0	
87692	0	0	0	
87693	0	0	0	
87694	3	0	0	
87695	0	0	0	
87696	0	0	0	
87697	0	0	0	
87698	0	0	0	
87699	0	0	0	
87700	0	0	0	
87701	0	0	0	
87702	0	0	0	
87703	0	0	0	
87704	0	0	0	
87705	0	0	0	
87706	0	0	0	
87707	0	0	0	
87708	0	0	0	
87709	0	0	0	
87710	0	0	0	
87711	0	0	0	
87712	0	0	0	
87713	0	0	0	
87714	0	0	0	
87715	0	0	0	
87716	0	0	0	
87717	0	0	0	
87718	0	0	0	
87719	0	0	0	
87720	0	0	0	
87721	0	0	0	
87722	0	0	0	
87723	29	0	0	
87724	0	0	0	
87725	0	0	0	
87726	0	0	0	
87727	0	0	0	
87728	0	0	0	
87729	0	0	0	
87730	0	0	0	
87731	0	0	0	
87732	0	0	0	
87733	0	0	0	
87734	0	0	0	
87735	0	0	0	
87736	0	0	0	
87737	0	0	0	
87738	0	0	0	
87739	0	0	0	
87740	0	0	0	
87741	0	0	0	
87742	0	0	0	
87743	0	0	0	
87744	0	0	0	
87745	0	0	0	
87746	0	0	0	
87747	0	0	0	
87748	0	0	0	
87749	0	0	0	
87750	0	0	0	
87751	0	0	0	
87752	0	0	0	
87753	0	0	0	
87754	0	0	0	
87755	0	0	0	
87756	0	0	0	
87757	0	0	0	
87758	0	0	0	
87759	0	0	0	
87760	0	0	0	
87761	0	0	0	
87762	0	0	0	
87763	0	0	0	
87764	0	0	0	
87765	0	0	0	
87766	0	0	0	
87767	0	0	0	
87768	0	0	0	
87769	0	0	0	
87770	0	0	0	
87771	0	0	0	
87772	0	0	0	
87773	0	0	0	
87774	0	0	0	
87775	0	0	0	
87776	0	0	0	
87777	0	0	0	
87778	0	0	0	
87779	0	0	0	
87780	0	0	0	
87781	0	0	0	
87782	0	0	0	
87783	0	0	0	
87784	0	0	0	
87785	0	0	0	
87786	0	0	0	
87787	0	0	0	
87788	0	0	0	
87789	0	0	0	
87790	0	0	0	
87791	0	0	0	
87792	0	0	0	
87793	0	0	0	
87794	0	0	0	
87795	0	0	0	
87796	0	0	0	
87797	0	0	0	
87798	0	0	0	
87799	0	0	0	
87800	0	0	0	
87801	0	0	0	
87802	0	0	0	
87803	0	0	0	
87804	0	0	0	
87805	0	0	0	
87806	0	0	0	
87807	7	29	0	
87808	0	0	0	
87809	0	0	0	
87810	0	0	0	
87811	0	0	0	
87812	0	0	0	
87813	0	0	0	
87814	0	0	0	
87815	0	0	0	
87816	0	0	0	
87817	0	0	0	
87818	0	0	0	
87819	0	0	0	
87820	0	0	0	
87821	0	0	0	
87822	0	0	0	
87823	0	0	0	
87824	0	0	0	
87825	0	0	0	
87826	29	0	0	
87827	0	0	0	
87828	0	0	0	
87829	0	0	0	
87830	0	0	0	
87831	0	0	0	
87832	0	0	0	
87833	0	0	0	
87834	0	0	0	
87835	0	0	0	
87836	0	0	0	
87837	0	0	0	
87838	0	0	0	
87839	0	0	0	
87840	0	0	0	
87841	0	0	0	
87842	0	0	0	
87843	0	0	0	
87844	0	0	0	
87845	0	0	0	
87846	0	0	0	
87847	0	0	0	
87848	0	0	0	
87849	0	0	0	
87850	0	0	0	
87851	0	0	0	
87852	0	0	0	
87853	0	0	0	
87854	0	0	0	
87855	0	0	0	
87856	0	0	0	
87857	0	0	0	
87858	0	0	0	
87859	0	0	0	
87860	0	0	0	
87861	0	0	0	
87862	0	0	0	
87863	0	0	0	
87864	0	0	0	
87865	0	0	0	
87866	0	0	0	
87867	0	0	0	
87868	0	0	0	
87869	0	0	0	
87870	0	0	0	
87871	0	0	0	
87872	0	0	0	
87873	0	0	0	
87874	0	0	0	
87875	0	0	0	
87876	0	0	0	
87877	0	0	0	
87878	0	0	0	
87879	0	0	0	
87880	0	0	0	
87881	0	0	0	
87882	0	0	0	
87883	0	0	0	
87884	0	0	0	
87885	0	0	0	
87886	0	0	0	
87887	0	0	0	
87888	0	0	0	
87889	0	0	0	
87890	0	0	0	
87891	0	0	0	
87892	0	0	0	
87893	0	0	0	
87894	0	0	0	
87895	0	0	0	
87896	0	0	0	
87897	0	0	0	
87898	0	0	0	
87899	0	0	0	
87900	0	0	0	
87901	0	0	0	
87902	0	0	0	
87903	0	0	0	
87904	0	0	0	
87905	0	0	0	
87906	0	0	0	
87907	0	0	0	
87908	0	0	0	
87909	0	0	0	
87910	0	0	0	
87911	0	0	0	
87912	0	0	0	
87913	0	0	0	
87914	0	0	0	
87915	0	0	0	
87916	0	0	0	
87917	0	0	0	
87918	0	0	0	
87919	0	0	0	
87920	0	0	0	
87921	0	0	0	
87922	0	0	0	
87923	0	0	0	
87924	0	0	0	
87925	0	0	0	
87926	0	0	0	
87927	0	0	0	
87928	0	0	0	
87929	0	0	0	
87930	0	0	0	
87931	0	0	0	
87932	0	0	0	
87933	0	0	0	
87934	0	0	0	
87935	0	0	0	
87936	0	0	0	
87937	0	0	0	
87938	0	0	0	
87939	0	0	0	
87940	0	0	0	
87941	0	0	0	
87942	0	0	0	
87943	0	0	0	
87944	0	0	0	
87945	0	0	0	
87946	0	0	0	
87947	0	0	0	
87948	0	0	0	
87949	0	0	0	
87950	0	0	0	
87951	0	0	0	
87952	0	0	0	
87953	0	0	0	
87954	0	0	0	
87955	0	0	0	
87956	0	0	0	
87957	0	0	0	
87958	0	0	0	
87959	0	0	0	
87960	0	0	0	
87961	0	0	0	
87962	0	0	0	
87963	0	0	0	
87964	0	0	0	
87965	0	0	0	
87966	0	0	0	
87967	0	0	0	
87968	0	0	0	
87969	0	0	0	
87970	29	0	0	
87971	0	0	0	
87972	0	0	0	
87973	0	0	0	
87974	0	0	0	
87975	0	0	0	
87976	0	0	0	
87977	0	0	0	
87978	0	0	0	
87979	0	0	0	
87980	0	0	0	
87981	0	0	0	
87982	0	0	0	
87983	0	0	0	
87984	0	0	0	
87985	0	0	0	
87986	0	0	0	
87987	0	0	0	
87988	0	0	0	
87989	0	0	0	
87990	0	0	0	
87991	0	0	0	
87992	0	0	0	
87993	0	0	0	
87994	0	0	0	
87995	0	0	0	
87996	0	0	0	
87997	0	0	0	
87998	0	0	0	
87999	0	0	0	
88000	7	0	0	
88001	0	0	0	
88002	0	0	0	
88003	0	0	0	
88004	0	0	0	
88005	0	0	0	
88006	0	0	0	
88007	0	0	0	
88008	0	0	0	
88009	0	0	0	
88010	0	0	0	
88011	0	0	0	
88012	0	0	0	
88013	0	0	0	
88014	0	0	0	
88015	0	0	0	
88016	0	0	0	
88017	0	0	0	
88018	0	0	0	
88019	0	0	0	
88020	0	0	0	
88021	0	0	0	
88022	0	0	0	
88023	0	0	0	
88024	0	0	0	
88025	0	0	0	
88026	0	0	0	
88027	0	0	0	
88028	0	0	0	
88029	0	0	0	
88030	0	0	0	
88031	0	0	0	
88032	0	0	0	
88033	0	0	0	
88034	0	0	0	
88035	0	0	0	
88036	0	0	0	
88037	0	0	0	
88038	0	0	0	
88039	0	0	0	
88040	0	0	0	
88041	0	0	0	
88042	0	0	0	
88043	0	0	0	
88044	0	0	0	
88045	0	0	0	
88046	0	0	0	
88047	0	0	0	
88048	0	0	0	
88049	0	0	0	
88050	0	0	0	
88051	0	0	0	
88052	0	0	0	
88053	0	0	0	
88054	0	0	0	
88055	0	0	0	
88056	0	0	0	
88057	0	0	0	
88058	0	0	0	
88059	0	0	0	
88060	0	0	0	
88061	0	0	0	
88062	0	0	0	
88063	0	0	0	
88064	0	0	0	
88065	0	0	0	
88066	0	0	0	
88067	0	0	0	
88068	0	0	0	
88069	29	0	0	
88070	29	0	0	
88071	29	0	0	
88072	29	0	0	
88073	29	0	0	
88074	29	0	0	
88075	29	0	0	
88076	0	0	0	
88077	0	0	0	
88078	0	0	0	
88079	0	0	0	
88080	0	0	0	
88081	0	0	0	
88082	7	29	0	
88083	0	0	0	
88084	0	0	0	
88085	0	0	0	
88086	0	0	0	
88087	0	0	0	
88088	0	0	0	
88089	0	0	0	
88090	0	0	0	
88091	0	0	0	
88092	0	0	0	
88093	0	0	0	
88094	0	0	0	
88095	0	0	0	
88096	0	0	0	
88097	0	0	0	
88098	0	0	0	
88099	0	0	0	
88100	0	0	0	
88101	0	0	0	
88102	0	0	0	
88103	0	0	0	
88104	0	0	0	
88105	0	0	0	
88106	0	0	0	
88107	0	0	0	
88108	0	0	0	
88109	0	0	0	
88110	0	0	0	
88111	0	0	0	
88112	0	0	0	
88113	0	0	0	
88114	0	0	0	
88115	0	0	0	
88116	0	0	0	
88117	0	0	0	
88118	0	0	0	
88119	0	0	0	
88120	0	0	0	
88121	29	0	0	
88122	0	0	0	
88123	0	0	0	
88124	0	0	0	
88125	0	0	0	
88126	0	0	0	
88127	0	0	0	
88128	0	0	0	
88129	0	0	0	
88130	0	0	0	
88131	0	0	0	
88132	0	0	0	
88133	0	0	0	
88134	0	0	0	
88135	0	0	0	
88136	0	0	0	
88137	0	0	0	
